********************BASELINE******************** 
Mean =  3.766349454797408
Median =  4.781609535217285
P95 =  7.891412782669067
P99 =  8.57341894388199
********************MXFaaS******************** 
Mean =  0.12208010742272794
Median =  0.07506310939788818
P95 =  0.23057100772857655
P99 =  1.7435910987854006